[[-1.  1. -1.  1.]
 [-1.  1. -1.  1.]
 [-1.  1. -1.  1.]
 [-1.  1. -1.  1.]
 [-1.  1. -1.  1.]
 [-1.  1. -1.  1.]
 [-1.  1. -1.  1.]
 [-1.  1. -1.  1.]
 [-1.  1. -1.  1.]
 [-1.  1. -1.  1.]
 [-1.  1. -1.  1.]
 [-1.  1. -1.  1.]
 [-1.  1. -1.  1.]
 [-1.  1. -1.  1.]
 [-1.  1. -1.  1.]
 [-1.  1. -1.  1.]
 [-1.  1. -1.  1.]
 [-1.  1. -1.  1.]
 [-1.  1.  1. -1.]
 [-1.  1. -1.  1.]
 [-1.  1. -1.  1.]
 [-1.  1. -1.  1.]
 [-1.  1. -1.  1.]
 [-1.  1. -1.  1.]
 [-1.  1. -1.  1.]
 [-1.  1. -1.  1.]
 [-1.  1. -1.  1.]
 [-1.  1. -1.  1.]
 [-1.  1. -1.  1.]
 [-1.  1. -1.  1.]
 [-1.  1. -1.  1.]
 [-1.  1. -1.  1.]
 [-1.  1. -1.  1.]
 [-1.  1. -1.  1.]
 [-1.  1. -1.  1.]
 [-1.  1. -1.  1.]
 [-1.  1. -1.  1.]
 [-1.  1. -1.  1.]
 [-1.  1. -1.  1.]
 [-1.  1. -1.  1.]
 [-1.  1. -1.  1.]
 [-1.  1.  1. -1.]
 [-1.  1. -1.  1.]
 [-1.  1. -1.  1.]
 [-1.  1. -1.  1.]
 [-1.  1. -1.  1.]
 [-1.  1. -1.  1.]
 [-1.  1. -1.  1.]
 [-1.  1.  1. -1.]
 [-1.  1. -1.  1.]
 [-1.  1. -1.  1.]
 [-1.  1. -1.  1.]
 [ 1. -1.  1. -1.]
 [-1.  1. -1.  1.]
 [ 1. -1.  1. -1.]
 [-1.  1. -1.  1.]
 [-1.  1.  1. -1.]
 [-1.  1. -1.  1.]
 [-1.  1. -1.  1.]
 [-1.  1. -1.  1.]
 [-1.  1. -1.  1.]
 [ 1. -1. -1.  1.]
 [-1.  1. -1.  1.]
 [-1.  1. -1.  1.]
 [-1.  1. -1.  1.]
 [-1.  1.  1. -1.]
 [ 1. -1.  1. -1.]
 [-1.  1. -1.  1.]
 [-1.  1. -1.  1.]
 [-1.  1.  1. -1.]
 [-1.  1. -1.  1.]
 [-1.  1. -1.  1.]
 [-1.  1. -1.  1.]
 [-1.  1. -1.  1.]
 [-1.  1. -1.  1.]
 [-1.  1. -1.  1.]
 [-1.  1. -1.  1.]
 [-1.  1. -1.  1.]
 [-1.  1. -1.  1.]
 [-1.  1. -1.  1.]
 [-1.  1. -1.  1.]
 [-1.  1. -1.  1.]
 [-1.  1. -1.  1.]
 [-1.  1.  1. -1.]
 [-1.  1.  1. -1.]
 [-1.  1. -1.  1.]
 [-1.  1. -1.  1.]
 [-1.  1. -1.  1.]
 [-1.  1. -1.  1.]
 [-1.  1. -1.  1.]
 [-1.  1.  1. -1.]
 [ 1. -1.  1. -1.]
 [-1.  1. -1.  1.]
 [-1.  1.  1. -1.]
 [-1.  1.  1. -1.]
 [-1.  1. -1.  1.]
 [-1.  1. -1.  1.]
 [ 1.  1. -1.  1.]
 [-1.  1. -1.  1.]
 [-1.  1.  1. -1.]
 [-1.  1.  1. -1.]
 [-1.  1. -1.  1.]
 [-1.  1. -1.  1.]
 [-1.  1. -1.  1.]
 [ 1. -1. -1.  1.]
 [-1.  1. -1.  1.]
 [-1.  1. -1.  1.]
 [-1.  1. -1.  1.]
 [-1.  1. -1.  1.]
 [-1.  1. -1.  1.]
 [-1.  1. -1.  1.]
 [-1.  1. -1.  1.]
 [-1.  1.  1. -1.]
 [-1.  1. -1.  1.]
 [-1.  1. -1.  1.]
 [-1.  1. -1.  1.]
 [-1.  1. -1.  1.]
 [-1.  1. -1.  1.]
 [-1.  1. -1.  1.]
 [-1.  1. -1.  1.]
 [-1.  1. -1.  1.]
 [-1.  1. -1.  1.]
 [-1.  1. -1.  1.]
 [-1.  1. -1.  1.]
 [-1.  1. -1.  1.]
 [-1.  1. -1.  1.]
 [-1.  1. -1.  1.]
 [-1.  1. -1.  1.]
 [ 1. -1. -1.  1.]
 [-1.  1. -1.  1.]
 [ 1. -1. -1.  1.]
 [-1.  1. -1.  1.]
 [-1.  1. -1.  1.]
 [-1.  1. -1.  1.]
 [-1.  1. -1.  1.]
 [-1.  1. -1.  1.]
 [-1.  1. -1.  1.]
 [ 1.  1. -1.  1.]
 [-1.  1. -1.  1.]
 [-1.  1. -1.  1.]
 [-1.  1. -1.  1.]
 [-1.  1.  1. -1.]
 [ 1. -1.  1. -1.]
 [-1.  1. -1.  1.]
 [-1.  1. -1.  1.]
 [ 1.  1. -1.  1.]
 [-1.  1. -1.  1.]
 [-1.  1.  1. -1.]
 [-1.  1. -1.  1.]
 [-1.  1. -1.  1.]
 [-1.  1. -1.  1.]
 [-1.  1. -1.  1.]
 [-1.  1.  1. -1.]
 [-1.  1. -1.  1.]
 [ 1.  1. -1.  1.]
 [-1.  1. -1.  1.]
 [-1.  1. -1.  1.]
 [ 1. -1. -1.  1.]
 [-1.  1. -1.  1.]
 [ 1. -1.  1. -1.]
 [-1.  1.  1. -1.]
 [-1.  1. -1.  1.]
 [-1.  1. -1.  1.]
 [ 1. -1.  1. -1.]
 [-1.  1. -1.  1.]
 [ 1. -1. -1.  1.]
 [-1.  1. -1.  1.]
 [-1.  1.  1. -1.]
 [-1.  1. -1.  1.]
 [-1.  1. -1.  1.]
 [-1.  1. -1.  1.]
 [-1.  1. -1.  1.]
 [-1.  1. -1.  1.]
 [-1.  1. -1.  1.]
 [-1.  1. -1.  1.]
 [ 1. -1. -1.  1.]
 [ 1. -1.  1. -1.]
 [-1.  1. -1.  1.]
 [-1.  1. -1.  1.]
 [ 1. -1.  1. -1.]
 [-1.  1. -1.  1.]
 [-1.  1. -1.  1.]
 [-1.  1.  1. -1.]
 [-1.  1. -1.  1.]
 [ 1.  1. -1.  1.]
 [-1.  1. -1.  1.]
 [-1.  1. -1.  1.]
 [-1.  1. -1.  1.]
 [-1.  1. -1.  1.]
 [-1.  1. -1.  1.]
 [-1.  1. -1.  1.]
 [-1.  1. -1.  1.]
 [-1.  1. -1.  1.]
 [-1.  1. -1.  1.]
 [-1.  1. -1.  1.]
 [-1.  1.  1. -1.]
 [-1.  1. -1.  1.]
 [-1.  1. -1.  1.]
 [-1.  1. -1.  1.]
 [-1.  1. -1.  1.]
 [-1.  1. -1.  1.]
 [-1.  1. -1.  1.]
 [-1.  1.  1. -1.]
 [-1.  1. -1.  1.]
 [-1.  1. -1.  1.]
 [-1.  1. -1.  1.]
 [-1.  1. -1.  1.]
 [-1.  1. -1.  1.]
 [-1.  1. -1.  1.]
 [-1.  1. -1.  1.]
 [-1.  1. -1.  1.]
 [ 1. -1. -1.  1.]
 [-1.  1. -1.  1.]
 [-1.  1. -1.  1.]
 [-1.  1. -1.  1.]
 [-1.  1. -1.  1.]
 [-1.  1. -1.  1.]
 [-1.  1. -1.  1.]
 [-1.  1. -1.  1.]
 [-1.  1. -1.  1.]
 [-1.  1. -1.  1.]
 [-1.  1. -1.  1.]
 [-1.  1. -1.  1.]
 [ 1.  1. -1.  1.]
 [-1.  1. -1.  1.]
 [-1.  1. -1.  1.]
 [-1.  1. -1.  1.]
 [-1.  1. -1.  1.]
 [-1.  1.  1. -1.]
 [-1.  1. -1.  1.]
 [-1.  1. -1.  1.]
 [-1.  1. -1.  1.]
 [-1.  1. -1.  1.]
 [-1.  1. -1.  1.]
 [-1.  1. -1.  1.]
 [-1.  1. -1.  1.]
 [-1.  1. -1.  1.]
 [-1.  1. -1.  1.]
 [ 1. -1. -1.  1.]
 [-1.  1. -1.  1.]
 [-1.  1. -1.  1.]
 [-1.  1. -1.  1.]
 [-1.  1. -1.  1.]
 [-1.  1.  1. -1.]
 [-1.  1. -1.  1.]
 [-1.  1. -1.  1.]
 [ 1. -1. -1.  1.]
 [-1.  1. -1.  1.]
 [-1.  1. -1.  1.]
 [-1.  1. -1.  1.]
 [-1.  1. -1.  1.]
 [ 1. -1.  1. -1.]
 [-1.  1. -1.  1.]
 [-1.  1. -1.  1.]
 [-1.  1. -1.  1.]
 [-1.  1. -1.  1.]]
Accuracy : 0.84375
